100162495
100308309
100380301
100775268
100787487
100849660
100935419
100937047
10093885X
100939333
10093997X
100940293
100941699
100942091
100944175
100945260
100945538
100945872
10094647X
100946488
100948391
100948545
100950744
100951996
100957935
100958826
10096091X
100963757
100965083
100965253
100965369
10096639X
100966446
100968880
1013197267
1015957382
102421382
102423288
102425175
102425558
102426910
102499810
102507171
102516081
10252985X
102571155
102623392
103086838
103101098
103102884
103102906
103115226
10312585X
103126163
103127208
104213817
104335882
1052888291
108934922X
1122846843
1147084556
1154884554
115553932
118500805
118501895
118502026
11850245X
118502905
118503278
118504436
118505114
118509810
11851217X
11851282X
118513176
118516132
118518429
118519697
118520814
118531328
118531425
118535188
118538616
118541625
118541838
118548158
118548379
118548395
118548417
11854974X
118550853
118553569
118554611
118554948
118555642
118555995
118556401
118556754
118557831
118557866
11855803X
118574957
118575228
118575279
118578081
118579797
118581422
118583611
118588095
118590235
118590995
118592815
118593234
118593331
118594702
118594974
118595237
118596624
118596829
118597396
118604198
118605097
118613200
118613510
118619284
118619918
118621793
118622110
11862251X
118625578
118625969
118626000
118626574
118627163
118631349
118632299
118633015
118637649
118638270
118640003
118640763
11864422X
118644378
118647199
118650130
118661418
118675664
118678876
118681273
118681435
118681516
118682547
118682768
118687883
118688677
118690442
11869877X
118704710
118707973
118709879
118712632
118712659
118716735
118719351
11871936X
118723529
118725831
118731300
118731823
118740652
118741292
118744917
118749536
118767933
118768069
118769189
118781715
118782223
118791176
118794795
118795988
118796313
118797476
118803522
118828851
11884816X
118884867
118897489
118923927
118935607
118943421
118962337
118980955
118990217
118999877
11900271X
11902568X
11904059X
119066181
119066548
119092476
119098709
119105144
11921587X
119222345
11923212X
119238683
119244071
119521504
119543044
11954332X
119546477
119746247
120134683
120529092
1329555317
136806961
139286748